1514419200000,33213475,1540.20,40118532,1150.20,77757865,1132.50,79437344,774.00,56606505,687.30,46743487,607.20,50709689,518.10,57677228,503.10,30524752,456.90,28588861,421.80
1515024000000,61430094,1347.60,51142194,938.40,74127425,936.00,66997378,910.20,34305693,730.20,62479485,705.60,66619508,660.90,9654232,616.50,57405110,609.60,69841700,553.80
1515628800000,66081966,946.80,79294339,851.70,57916836,851.40,21747459,820.80,33421419,771.30,63519301,689.10,65312034,659.40,60345590,647.00,64705,630.00,55562099,588.60
1516233600000,64541974,833.70,47842919,805.20,69488014,713.60,110668,712.80,8039006,692.70,77847388,665.70,15468661,629.70,67113558,614.40,74049254,613.80,63727898,580.20
1516838400000,41105837,1074.20,67130979,930.30,55240612,819.60,18069549,673.20,36424593,669.60,53828931,639.60,17374907,633.30,55953118,624.60,10846116,528.90,62969784,525.20
1517443200000,73872961,1005.60,78599991,959.40,31602210,938.70,84672637,927.60,68549134,874.20,53828931,828.30,67675541,799.20,679100,769.20,39797658,749.10,52922216,728.10
1518048000000,27924638,1034.40,1132383,896.70,3075644,876.90,42549443,852.00,32507837,845.40,65701980,796.50,66180278,755.70,81364682,689.10,71820365,685.80,81406578,683.40
1518652800000,54871292,886.50,62361114,862.50,50574486,777.90,61952020,763.80,55474549,703.50,18139582,690.90,52257256,685.50,66051504,670.50,27243731,666.60,81407780,657.00
1519257600000,48042702,1376.40,65714179,1065.00,44281987,981.30,79724905,978.30,67182855,852.60,17374907,838.20,63785147,810.90,28233454,783.30,70005750,774.30,71296621,731.40
1519862400000,8203131,20.10,47961851,2.10,null,1.40,null,0.70,0,0.00
1520467200000,null,1.40,0,0.70,85159108,0.00
1521072000000,null,1.40,null,0.70,82295726,0.00
1521676800000,85373093,2.10,null,1.40,null,0.70,85403094,0.00
1522281600000,null,1.40,null,0.70,57320526,0.00
1522886400000,null,1.40,37400387,0.70,67843113,0.00
